# Exported Scene
output_image: "output.png"
film_resolution: 800 600
camera_pos: 0.7169 0.9686 -0.7948
camera_fwd: 0.5304 0.5599 -0.6365
camera_up: -0.3585 0.8286 0.4301
camera_fov_ha: 35
background: 0 0 0

samples_per_pixel: 5
# Lights
ambient_light: 0.3000 0.3000 0.3000
directional_light: 1.0 1.0 1.0 10.0000 -8.3000 6.2000
point_light: 17.0000 6.0000 8.0000 10.0 20.0 20.0

max_vertices: 14940

material: 1.0000 0.5000 0.5000 1.0000 1.0000 1.0000 0.0000 0.0000 0.0000 5.0000 0.0000 0.0000 0.0000 1.0000
vertex: -0.5000 -0.5000 0.5000
vertex: 0.5000 -0.5000 0.5000
vertex: 0.5000 0.5000 0.5000
vertex: -0.5000 -0.5000 0.5000
vertex: 0.5000 0.5000 0.5000
vertex: -0.5000 0.5000 0.5000
vertex: 0.5000 -0.5000 -0.5000
vertex: -0.5000 -0.5000 -0.5000
vertex: -0.5000 0.5000 -0.5000
vertex: 0.5000 -0.5000 -0.5000
vertex: -0.5000 0.5000 -0.5000
vertex: 0.5000 0.5000 -0.5000
vertex: -0.5000 -0.5000 -0.5000
vertex: -0.5000 -0.5000 0.5000
vertex: -0.5000 0.5000 0.5000
vertex: -0.5000 -0.5000 -0.5000
vertex: -0.5000 0.5000 0.5000
vertex: -0.5000 0.5000 -0.5000
vertex: 0.5000 -0.5000 0.5000
vertex: 0.5000 -0.5000 -0.5000
vertex: 0.5000 0.5000 -0.5000
vertex: 0.5000 -0.5000 0.5000
vertex: 0.5000 0.5000 -0.5000
vertex: 0.5000 0.5000 0.5000
vertex: -0.5000 0.5000 0.5000
vertex: 0.5000 0.5000 0.5000
vertex: 0.5000 0.5000 -0.5000
vertex: -0.5000 0.5000 0.5000
vertex: 0.5000 0.5000 -0.5000
vertex: -0.5000 0.5000 -0.5000
vertex: -0.5000 -0.5000 -0.5000
vertex: 0.5000 -0.5000 -0.5000
vertex: 0.5000 -0.5000 0.5000
vertex: -0.5000 -0.5000 -0.5000
vertex: 0.5000 -0.5000 0.5000
vertex: -0.5000 -0.5000 0.5000
triangle: 0 1 2
triangle: 3 4 5
triangle: 6 7 8
triangle: 9 10 11
triangle: 12 13 14
triangle: 15 16 17
triangle: 18 19 20
triangle: 21 22 23
triangle: 24 25 26
triangle: 27 28 29
triangle: 30 31 32
triangle: 33 34 35
material: 0.5000 0.0000 0.5000 1.0000 1.0000 1.0000 0.0000 0.0000 0.0000 5.0000 0.0000 0.0000 0.0000 1.0000
sphere: -0.5000 -0.4640 -0.5000 0.5000
material: 0.0000 0.2235 0.5725 1.0000 1.0000 1.0000 0.0000 0.0000 0.0000 5.0000 0.0000 0.0000 0.0000 1.0000
sphere: -0.3410 0.7710 0.5740 0.5000
output_image: s.png
